25.536478007156038
25.204777713542654
25.895089212609005
26.10339907522504
27.27746724134164
27.484410292044366
27.85146369534131
27.762666363920268
27.826338174333536
27.964869074844067
27.78651537579105
27.714034184547355
27.69831023134971
27.77495576950492
28.094923603053537
27.919919272149688
27.991203476204902
27.61466563119476
27.762063671519137
27.721053654022857
28.073910348208692
28.087211962409686
28.073852137598642
27.486870449607785
27.6998125583814
27.746242812993298
27.79927714154169
27.821330589814146
27.818671076803945
27.820471051544832
27.885468925878737
27.885315489152077
27.91228886080534
27.90794605891484
28.17932342453026
28.16433848763714
28.162537756909707
28.235149017897257
28.176412703398515
28.354424242394476
28.36287388489133
28.29142512231854
28.2938346234737
28.536857795427682
28.542544296524643
28.581586931501125
28.58226774434422
28.54526130001442
28.526227790836373
28.504602761727536
28.514527622864804
28.558100392252918
28.562747437273938
31.72803720827357
31.750140544391535
31.72853486109055
31.715428312989008
31.717667758675788
31.711463695499287
31.722583455306488
31.725260199658173
31.742947506085308
31.671489654492774
31.67134888977932
31.671109300758864
31.68025900128281
31.683327205146995
31.661481281083805
31.6571431630866
31.64467115860665
31.636677407041965
31.639874034256124
31.64415921281101
31.632592538436914
31.64749240751982
31.645070041924626
31.63659570171642
31.644261894774793
31.65991278651253
31.66150070409102
32.31859384309179
32.32589318655966
32.32816760428511
32.404062611820194
32.41720740523196
32.42496842590469
32.43517083727925
32.43952051955648
32.43604578263473
32.44860368687707
32.42277450043824
32.42898696613174
32.40781522294222
32.38384270746182
32.37937918997329
32.388452120358934
32.399064759138824
32.4025401468134
32.395369233661654
32.40459976699873
